instance;size;rep;v;cost;time;iter;ges-num-reduced;ges-total-time;lns-total-time;sp-num-improve;sp-pool-size;sp-total-time
lc101;100;1;10;828.94;300.00;302;0;243.56;56.18;0;10;0.23
lc102;100;1;10;828.94;300.00;273;0;242.53;57.25;0;16;0.19
lc103;100;1;9;1035.35;300.00;226;1;231.68;67.05;0;80;1.25
lc104;100;1;9;860.01;300.00;152;1;214.40;84.89;0;68;0.69
lc105;100;1;10;828.94;300.00;272;0;244.95;54.87;0;12;0.16
lc106;100;1;10;828.94;300.00;265;1;244.75;55.02;0;12;0.21
lc107;100;1;10;828.94;300.00;253;0;244.10;55.72;0;12;0.15
lc108;100;1;10;826.44;300.00;207;0;247.74;52.10;0;16;0.14
lc109;100;1;9;1000.60;300.00;187;1;227.97;71.33;0;64;0.68
lc201;100;1;3;591.56;300.00;229;0;261.13;38.73;0;3;0.11
lc202;100;1;3;591.56;300.00;183;1;248.67;51.18;0;8;0.11
lc203;100;1;3;591.17;300.00;164;1;224.97;74.90;0;7;0.10
lc204;100;1;3;590.60;300.00;99;0;185.65;114.19;0;11;0.13
lc205;100;1;3;588.88;300.00;209;0;250.43;49.41;0;7;0.13
lc206;100;1;3;588.49;300.00;177;1;242.92;56.94;0;7;0.10
lc207;100;1;3;588.29;300.00;181;1;231.46;68.40;0;7;0.11
lc208;100;1;3;588.32;300.00;168;1;227.98;71.88;0;7;0.10
lr101;100;1;19;1650.80;300.00;274;1;221.80;77.94;0;35;0.24
lr102;100;1;17;1487.57;300.00;235;1;210.54;89.04;0;44;0.39
lr103;100;1;13;1292.68;300.00;249;1;224.93;74.66;0;35;0.38
lr104;100;1;9;1013.39;300.00;251;1;248.02;51.78;0;21;0.18
lr105;100;1;14;1377.11;300.00;290;1;233.44;66.31;0;31;0.22
lr106;100;1;12;1252.62;300.00;292;1;238.35;61.42;0;25;0.20
lr107;100;1;10;1111.31;300.00;260;1;244.91;54.87;0;24;0.19
lr108;100;1;9;968.97;300.00;265;1;245.20;54.60;0;19;0.17
lr109;100;1;11;1208.96;300.00;283;1;245.23;54.54;0;26;0.20
lr110;100;1;10;1159.35;300.00;270;1;245.98;53.81;0;23;0.19
lr111;100;1;10;1108.90;300.00;274;1;241.73;58.04;0;26;0.20
lr112;100;1;9;1003.77;300.00;243;1;245.63;54.17;0;22;0.17
lr201;100;1;4;1253.23;300.00;160;1;239.98;59.89;0;10;0.10
lr202;100;1;3;1197.67;300.00;128;1;254.35;45.49;0;11;0.14
lr203;100;1;3;949.40;300.00;99;1;213.56;86.22;0;14;0.19
lr204;100;1;2;849.05;300.00;360;1;104.13;195.66;0;6;0.20
lr205;100;1;3;1054.02;300.00;133;1;221.35;78.48;0;14;0.15
lr206;100;1;3;931.63;300.00;84;1;237.20;62.73;0;7;0.05
lr207;100;1;2;903.06;300.00;311;1;103.33;196.49;0;5;0.18
lr208;100;1;2;734.85;300.00;270;1;82.51;217.33;0;5;0.16
lr209;100;1;3;930.59;300.00;97;1;225.57;74.14;0;33;0.27
lr210;100;1;3;964.22;300.00;101;1;225.70;74.15;0;10;0.12
lr211;100;1;2;911.52;300.00;425;1;93.40;206.36;0;5;0.24
lrc101;100;1;14;1708.80;300.00;300;1;236.30;63.44;0;30;0.22
lrc102;100;1;12;1558.07;300.00;284;1;243.25;56.51;0;30;0.21
lrc103;100;1;11;1258.74;300.00;278;1;240.85;58.93;0;24;0.19
lrc104;100;1;10;1128.40;300.00;232;1;235.12;64.70;0;22;0.16
lrc105;100;1;13;1637.62;300.00;290;1;236.53;63.23;0;29;0.22
lrc106;100;1;11;1424.73;300.00;299;1;245.27;54.49;0;26;0.21
lrc107;100;1;11;1230.14;300.00;272;1;238.58;61.20;0;26;0.20
lrc108;100;1;10;1147.43;300.00;260;1;246.36;53.43;0;22;0.18
lrc201;100;1;4;1406.94;300.00;133;1;246.74;52.95;0;21;0.29
lrc202;100;1;3;1374.27;300.00;189;1;254.95;44.91;0;7;0.12
lrc203;100;1;3;1089.07;300.00;70;1;253.34;46.57;0;10;0.07
lrc204;100;1;3;818.66;300.00;55;1;237.80;62.14;0;7;0.03
lrc205;100;1;4;1302.20;300.00;154;1;228.64;71.24;0;9;0.10
lrc206;100;1;3;1159.03;300.00;152;1;237.32;62.56;0;8;0.10
lrc207;100;1;3;1062.05;300.00;109;1;241.40;58.45;0;10;0.13
lrc208;100;1;3;852.76;300.00;78;1;232.38;67.44;0;16;0.16
LC1_2_1;200;1;20;2704.57;900.00;508;0;718.27;181.09;0;28;0.53
LC1_2_2;200;1;19;2764.56;900.00;464;1;719.23;179.41;0;52;1.25
LC1_2_3;200;1;17;3133.75;900.00;399;1;708.39;189.68;2;63;1.82
LC1_2_4;200;1;17;2693.41;900.00;229;1;514.13;383.17;0;135;2.62
LC1_2_5;200;1;20;2702.05;900.00;480;0;716.75;182.63;0;30;0.52
LC1_2_6;200;1;20;2701.04;900.00;453;1;726.45;172.95;0;32;0.49
LC1_2_7;200;1;20;2701.04;900.00;423;0;725.10;174.32;0;34;0.48
LC1_2_8;200;1;19;3404.95;900.00;391;2;736.48;161.29;0;83;2.14
LC1_2_9;200;1;18;2724.24;900.00;299;1;726.22;173.03;0;46;0.67
LC1_2_10;200;1;17;2942.13;900.00;318;1;718.96;178.75;1;78;2.21
LC2_2_1;200;1;6;1931.44;900.00;458;1;774.54;124.98;0;10;0.37
LC2_2_2;200;1;6;1881.40;900.00;306;1;684.40;215.23;0;14;0.28
LC2_2_3;200;1;6;1844.33;900.00;266;1;548.73;350.62;0;20;0.56
LC2_2_4;200;1;6;1767.12;900.00;204;1;467.57;431.65;0;31;0.65
LC2_2_5;200;1;6;1891.21;900.00;370;1;761.72;137.86;0;13;0.33
LC2_2_6;200;1;6;1857.78;900.00;302;1;667.87;231.78;0;13;0.26
LC2_2_7;200;1;6;1850.13;900.00;309;1;703.79;195.75;0;15;0.37
LC2_2_8;200;1;6;1824.34;900.00;233;1;618.30;280.95;0;27;0.66
LC2_2_9;200;1;6;1854.21;900.00;288;1;652.59;247.06;0;14;0.26
LC2_2_10;200;1;6;1817.45;900.00;227;1;595.47;304.24;0;13;0.21
LR1_2_1;200;1;20;4819.12;900.00;508;1;728.97;170.25;0;45;0.66
LR1_2_2;200;1;17;4621.21;900.00;437;1;733.05;164.91;0;64;1.93
LR1_2_3;200;1;14;4402.38;900.00;407;2;645.71;247.58;2;198;6.60
LR1_2_4;200;1;10;3031.20;900.00;210;1;646.81;250.35;2;182;2.77
LR1_2_5;200;1;16;4760.18;900.00;472;1;761.04;137.63;0;58;1.22
LR1_2_6;200;1;13;4835.27;900.00;487;1;736.86;160.44;0;70;2.57
LR1_2_7;200;1;12;3550.61;900.00;340;1;670.06;225.33;2;209;4.51
LR1_2_8;200;1;9;2801.91;900.00;204;1;698.85;198.85;2;148;2.24
LR1_2_9;200;1;14;4402.86;900.00;367;1;767.00;130.34;1;100;2.57
LR1_2_10;200;1;11;3740.48;900.00;371;2;751.94;144.91;1;91;3.06
LR2_2_1;200;1;5;4073.10;900.00;213;1;757.50;142.02;0;17;0.40
LR2_2_2;200;1;4;3796.00;900.00;110;1;785.16;114.48;0;32;0.30
LR2_2_3;200;1;4;3098.36;900.00;73;1;774.03;125.80;0;14;0.11
LR2_2_4;200;1;3;2486.00;900.00;152;1;404.74;493.98;1;76;1.09
LR2_2_5;200;1;4;3438.39;900.00;78;1;828.86;71.04;0;10;0.07
LR2_2_6;200;1;3;4802.49;900.00;78;1;857.04;42.75;2;22;0.18
LR2_2_7;200;1;3;3175.76;900.00;43;1;807.78;91.83;1;103;0.35
LR2_2_8;200;1;2;2857.25;900.00;366;1;434.74;464.48;0;12;0.64
LR2_2_9;200;1;3;4244.54;900.00;51;1;872.68;27.20;1;14;0.10
LR2_2_10;200;1;3;3289.81;900.00;92;1;771.56;126.79;0;149;1.59
LRC1_2_1;200;1;19;3606.06;900.00;417;1;672.17;226.32;0;65;1.40
LRC1_2_2;200;1;15;3671.02;900.00;434;1;646.37;248.61;2;258;4.91
LRC1_2_3;200;1;13;3154.92;900.00;346;1;672.79;206.19;3;726;20.91
LRC1_2_4;200;1;10;2631.82;900.00;277;1;568.30;317.03;1;700;14.54
LRC1_2_5;200;1;16;3715.81;900.00;323;1;717.39;178.84;2;129;3.68
LRC1_2_6;200;1;16;3572.16;900.00;401;1;729.15;168.41;0;87;2.34
LRC1_2_7;200;1;14;3787.74;900.00;452;2;723.88;172.65;0;98;3.35
LRC1_2_8;200;1;13;3145.74;900.00;333;1;722.64;172.85;1;185;4.42
LRC1_2_9;200;1;13;3212.10;900.00;339;1;740.69;153.52;5;209;5.70
LRC1_2_10;200;1;12;3008.82;900.00;266;1;770.46;126.47;1;144;3.00
LRC2_2_1;200;1;6;3690.10;900.00;234;1;769.10;128.79;0;114;2.04
LRC2_2_2;200;1;5;3184.23;900.00;146;1;757.99;138.83;2;321;3.12
LRC2_2_3;200;1;4;2892.70;900.00;81;1;774.17;124.75;2;149;1.02
LRC2_2_4;200;1;3;3024.27;900.00;58;1;766.04;133.25;0;133;0.63
LRC2_2_5;200;1;5;2776.93;900.00;120;1;770.15;129.69;0;13;0.11
LRC2_2_6;200;1;5;2707.96;900.00;98;1;794.29;105.59;0;11;0.09
LRC2_2_7;200;1;4;3228.68;900.00;82;1;820.08;79.22;2;127;0.67
LRC2_2_8;200;1;4;2399.89;900.00;53;1;814.89;85.00;1;11;0.08
LRC2_2_9;200;1;4;2208.49;900.00;70;1;779.31;120.49;0;16;0.16
LRC2_2_10;200;1;3;2661.49;900.00;44;1;807.54;92.12;0;69;0.31
LC1_4_1;400;1;40;7152.06;900.00;218;0;708.20;191.14;0;57;0.47
LC1_4_2;400;1;38;8204.99;900.00;178;2;670.74;227.09;0;169;2.00
LC1_4_3;400;1;33;8462.16;900.00;136;1;548.42;346.27;15;520;5.20
LC1_4_4;400;1;30;7018.86;900.00;139;1;615.54;281.75;8;207;2.58
LC1_4_5;400;1;40;7150.00;900.00;201;0;715.86;183.52;0;59;0.43
LC1_4_6;400;1;40;7154.02;900.00;180;1;731.38;168.03;0;67;0.43
LC1_4_7;400;1;40;7149.43;900.00;167;1;731.55;167.85;0;73;0.44
LC1_4_8;400;1;39;7111.16;900.00;135;1;745.06;154.31;0;81;0.50
LC1_4_9;400;1;36;7451.20;900.00;99;1;738.31;160.32;2;183;1.28
LC1_4_10;400;1;35;7619.17;900.00;96;2;708.73;189.34;6;201;1.84
LC2_4_1;400;1;12;4116.33;900.00;203;1;796.80;102.66;0;26;0.35
LC2_4_2;400;1;12;4144.29;900.00;131;2;762.02;137.47;0;35;0.37
LC2_4_3;400;1;12;4415.12;900.00;105;1;546.84;350.95;1;261;2.08
LC2_4_4;400;1;12;4038.00;900.00;100;1;433.22;464.07;0;358;2.52
LC2_4_5;400;1;12;4030.63;900.00;136;1;813.17;86.47;0;28;0.24
LC2_4_6;400;1;12;3900.29;900.00;99;1;761.37;138.34;0;26;0.17
LC2_4_7;400;1;12;3962.51;900.00;87;1;774.03;125.43;0;60;0.44
LC2_4_8;400;1;12;3844.45;900.00;81;1;723.04;176.29;0;98;0.56
LC2_4_9;400;1;12;4188.93;900.00;81;1;688.89;210.44;1;72;0.56
LC2_4_10;400;1;12;3828.44;900.00;72;1;669.78;229.48;0;104;0.61
LR1_4_1;400;1;40;10639.75;900.00;208;1;677.94;220.87;0;107;1.00
LR1_4_2;400;1;31;10022.82;900.00;177;1;655.76;238.47;4;383;5.61
LR1_4_3;400;1;22;9283.79;900.00;193;2;619.58;270.87;3;660;9.37
LR1_4_4;400;1;16;7133.31;900.00;114;2;576.32;319.89;6;315;3.66
LR1_4_5;400;1;29;11488.90;900.00;234;1;745.79;152.19;2;108;1.83
LR1_4_6;400;1;24;10208.50;900.00;194;1;687.25;207.29;16;366;5.31
LR1_4_7;400;1;19;8465.30;900.00;139;2;711.97;180.66;16;650;7.26
LR1_4_8;400;1;14;6074.79;900.00;97;1;704.27;193.94;10;240;1.66
LR1_4_9;400;1;24;10251.90;900.00;205;2;733.99;160.99;5;204;4.85
LR1_4_10;400;1;20;8504.20;900.00;165;2;739.99;157.09;3;163;2.78
LR2_4_1;400;1;8;11882.91;900.00;76;1;823.58;75.48;1;102;0.86
LR2_4_2;400;1;7;11674.13;900.00;35;1;848.65;50.83;0;170;0.46
LR2_4_3;400;1;6;8427.89;900.00;25;1;827.04;72.58;0;113;0.26
LR2_4_4;400;1;4;6852.65;900.01;7;1;854.40;45.30;0;27;0.02
LR2_4_5;400;1;6;10368.17;900.01;39;2;860.22;39.22;3;92;0.51
LR2_4_6;400;1;5;9990.02;900.00;21;2;867.40;32.44;0;59;0.11
LR2_4_7;400;1;5;7089.95;900.01;7;1;875.21;24.71;0;27;0.02
LR2_4_8;400;1;4;5471.38;900.01;8;1;832.05;67.51;0;25;0.02
LR2_4_9;400;1;6;8522.42;900.01;16;1;878.75;21.13;0;50;0.08
LR2_4_10;400;1;5;7770.90;900.00;13;2;876.70;23.21;2;40;0.05
LRC1_4_1;400;1;36;9152.58;900.00;196;2;684.02;212.15;1;288;3.67
LRC1_4_2;400;1;31;8346.06;900.00;198;2;650.84;243.87;1;361;5.10
LRC1_4_3;400;1;24;7873.71;900.09;177;1;578.39;310.74;14;733;10.80
LRC1_4_4;400;1;19;5803.31;900.00;127;1;424.11;468.44;2;771;7.24
LRC1_4_5;400;1;32;8889.91;900.00;208;1;707.61;189.37;4;185;2.85
LRC1_4_6;400;1;30;8586.73;900.00;214;2;708.86;187.19;5;186;3.77
LRC1_4_7;400;1;28;8288.33;900.00;185;2;728.24;168.41;5;216;3.19
LRC1_4_8;400;1;26;8160.64;900.00;164;2;723.42;170.69;14;477;5.75
LRC1_4_9;400;1;25;8208.63;900.00;180;1;724.36;172.47;13;225;3.03
LRC1_4_10;400;1;23;7558.78;900.00;158;1;727.70;168.99;9;243;3.16
LRC2_4_1;400;1;12;9099.59;900.00;92;1;805.49;91.81;9;352;2.61
LRC2_4_2;400;1;10;7420.24;900.00;90;1;708.52;189.92;8;216;1.44
LRC2_4_3;400;1;8;6590.37;900.00;54;1;746.15;152.73;6;184;1.01
LRC2_4_4;400;1;5;5645.88;900.00;27;1;678.06;221.27;1;108;0.31
LRC2_4_5;400;1;10;7871.10;900.00;64;1;816.75;82.08;2;205;1.08
LRC2_4_6;400;1;9;6521.97;900.00;36;1;858.58;40.99;3;120;0.38
LRC2_4_7;400;1;8;7903.00;900.00;31;1;856.56;43.05;6;160;0.35
LRC2_4_8;400;1;7;6981.12;900.00;21;1;865.45;34.32;1;99;0.19
LRC2_4_9;400;1;7;5344.85;900.01;18;1;857.19;42.63;0;74;0.11
LRC2_4_10;400;1;6;6428.15;900.02;23;1;862.22;37.58;3;70;0.15
LC1_6_1;600;1;60;14095.64;1800.00;202;1;1268.71;530.02;0;93;0.87
LC1_6_2;600;1;57;15048.16;1800.00;165;3;1104.53;691.96;3;293;3.20
LC1_6_3;600;1;49;15556.60;1800.00;121;3;1092.67;703.39;13;342;3.73
LC1_6_4;600;1;47;13396.14;1800.00;86;1;910.44;886.84;14;323;2.55
LC1_6_5;600;1;60;14086.30;1800.00;187;0;1292.72;506.04;0;97;0.86
LC1_6_6;600;1;60;14090.79;1800.00;180;1;1301.75;497.04;0;101;0.83
LC1_6_7;600;1;60;14083.76;1800.00;156;0;1346.35;452.44;0;101;0.88
LC1_6_8;600;1;58;15037.98;1800.00;161;2;1211.08;586.57;0;189;2.06
LC1_6_9;600;1;54;14931.06;1800.00;102;2;1306.10;490.59;2;285;3.12
LC1_6_10;600;1;52;15840.98;1800.00;87;2;1364.96;430.96;13;345;3.92
LC2_6_1;600;1;19;7977.98;1800.00;190;1;1515.70;283.47;0;35;0.48
LC2_6_2;600;1;18;10650.05;1800.00;164;2;1312.12;485.69;2;124;1.89
LC2_6_3;600;1;18;7436.50;1800.00;115;1;1047.93;750.62;0;123;1.14
LC2_6_4;600;1;17;7950.41;1800.00;77;1;711.57;1084.58;14;419;3.56
LC2_6_5;600;1;19;8047.37;1800.00;83;1;1444.11;355.11;0;76;0.61
LC2_6_6;600;1;18;9274.35;1800.00;132;2;1402.04;396.11;9;107;1.60
LC2_6_7;600;1;19;7997.96;1800.00;74;1;1366.77;431.49;1;210;1.56
LC2_6_8;600;1;18;7579.93;1800.00;80;1;1390.85;407.99;0;135;0.98
LC2_6_9;600;1;18;9732.14;1800.00;108;2;1428.67;368.03;15;253;3.11
LC2_6_10;600;1;18;7478.09;1800.00;66;1;1258.61;540.13;3;186;1.07
LR1_6_1;600;1;59;22821.65;1800.01;162;1;938.44;855.56;1;366;5.71
LR1_6_2;600;1;45;20260.46;1800.00;165;1;861.25;914.15;15;1362;24.31
LR1_6_3;600;1;37;18115.62;1816.18;128;1;687.31;634.65;4;2453;493.92
LR1_6_4;600;1;28;13306.24;1800.00;95;1;481.81;1020.19;5;1989;297.71
LR1_6_5;600;1;38;24367.87;1800.00;230;2;1255.39;537.05;2;227;7.19
LR1_6_6;600;1;32;21936.47;1800.00;199;2;1197.47;591.08;11;600;11.12
LR1_6_7;600;1;25;17502.42;1800.00;181;1;1192.83;588.15;21;1241;18.70
LR1_6_8;600;1;18;12439.32;1800.00;103;2;1102.47;688.10;9;904;9.16
LR1_6_9;600;1;32;22086.98;1800.00;250;2;1400.39;393.58;2;169;5.63
LR1_6_10;600;1;26;20227.95;1800.00;208;2;1343.84;450.57;7;196;5.23
LR2_6_1;600;1;11;27577.86;1800.00;154;1;1460.25;336.39;3;167;3.00
LR2_6_2;600;1;9;24438.43;1800.00;130;2;1318.04;476.31;14;421;5.34
LR2_6_3;600;1;7;18821.58;1800.00;33;2;1558.36;240.44;4;169;0.90
LR2_6_4;600;1;6;11539.94;1800.00;31;1;1127.55;670.44;0;135;0.58
LR2_6_5;600;1;9;20662.97;1800.00;27;1;1690.04;109.58;0;117;0.30
LR2_6_6;600;1;7;21471.56;1800.00;13;2;1716.70;83.07;0;84;0.11
LR2_6_7;600;1;6;16271.45;1800.02;8;2;1697.16;102.68;1;36;0.04
LR2_6_8;600;1;5;12734.79;1800.01;5;1;1660.12;139.39;0;23;0.01
LR2_6_9;600;1;8;20856.41;1800.01;22;1;1716.23;83.45;0;102;0.21
LR2_6_10;600;1;7;19643.29;1800.00;19;1;1727.63;72.14;2;58;0.13
LRC1_6_1;600;1;52;18461.33;1800.00;190;2;1070.57;722.29;2;529;6.79
LRC1_6_2;600;1;43;17348.41;1800.00;167;2;1070.80;717.72;12;810;11.19
LRC1_6_3;600;1;36;13989.80;1800.00;125;1;726.05;1049.03;8;1750;24.63
LRC1_6_4;600;1;25;10838.22;1800.00;90;1;504.31;1279.30;7;1367;16.00
LRC1_6_5;600;1;46;17071.82;1800.00;193;2;1074.51;711.52;8;733;13.64
LRC1_6_6;600;1;42;17686.10;1800.00;210;3;1196.66;593.26;4;478;9.71
LRC1_6_7;600;1;38;16063.56;1800.00;184;2;1175.28;613.48;14;591;10.93
LRC1_6_8;600;1;33;15553.23;1800.00;205;3;1240.90;546.21;27;550;12.60
LRC1_6_9;600;1;34;15601.26;1800.00;189;2;1279.19;507.00;23;653;13.55
LRC1_6_10;600;1;30;14179.12;1800.00;155;1;1429.98;364.47;5;326;5.26
LRC2_6_1;600;1;16;15772.33;1800.00;109;1;1465.26;331.58;5;322;2.93
LRC2_6_2;600;1;13;15220.58;1800.00;98;1;1353.78;438.93;13;689;7.06
LRC2_6_3;600;1;10;13101.55;1800.00;52;1;1215.91;581.45;3;360;2.12
LRC2_6_4;600;1;7;10751.96;1800.00;27;1;1019.42;779.23;0;142;0.48
LRC2_6_5;600;1;13;15566.79;1800.00;125;2;1270.35;522.15;11;703;7.22
LRC2_6_6;600;1;12;16532.87;1800.00;67;2;1605.45;193.24;15;198;1.18
LRC2_6_7;600;1;10;15671.28;1800.00;29;2;1678.80;120.72;3;137;0.36
LRC2_6_8;600;1;9;14999.24;1800.00;34;2;1646.33;152.85;6;162;0.67
LRC2_6_9;600;1;9;14733.89;1800.00;14;1;1744.56;55.27;2;70;0.11
LRC2_6_10;600;1;7;14087.04;1800.00;21;2;1661.16;138.40;1;105;0.30
LC1_8_1;800;1;80;25184.38;3600.01;181;0;2414.36;1183.46;0;129;1.44
LC1_8_2;800;1;77;27032.28;3600.00;150;2;2104.40;1488.64;7;482;6.38
LC1_8_3;800;1;64;27242.17;3600.00;110;2;1766.83;1827.93;15;372;4.87
LC1_8_4;800;1;60;23307.68;3600.01;77;1;1710.84;1885.44;18;365;3.42
LC1_8_5;800;1;80;25211.22;3600.01;172;0;2439.43;1158.46;0;133;1.39
LC1_8_6;800;1;80;25164.25;3600.00;161;1;2461.01;1136.66;0;150;1.63
LC1_8_7;800;1;80;25158.38;3600.00;148;1;2511.38;1086.69;0;145;1.31
LC1_8_8;800;1;78;25348.45;3600.00;144;1;2310.70;1285.46;0;290;3.33
LC1_8_9;800;1;72;26401.98;3600.00;133;2;2332.87;1257.18;18;548;9.59
LC1_8_10;800;1;70;26654.77;3600.00;88;2;2583.72;1009.41;22;514;6.57
LC2_8_1;800;1;24;11687.06;3600.00;328;1;2621.77;975.96;0;44;1.21
LC2_8_2;800;1;24;14549.41;3600.00;228;3;2356.53;1237.96;3;171;4.78
LC2_8_3;800;1;24;13013.73;3600.00;109;2;1502.11;2094.68;17;296;2.85
LC2_8_4;800;1;24;12285.12;3600.01;63;1;842.21;2756.30;7;183;1.07
LC2_8_5;800;1;25;12329.80;3600.00;149;1;2699.41;898.97;0;84;1.13
LC2_8_6;800;1;24;12712.84;3600.00;147;2;2660.72;935.01;9;154;3.84
LC2_8_7;800;1;25;11854.44;3600.00;105;1;2513.39;1084.63;1;182;1.62
LC2_8_8;800;1;24;11454.33;3600.00;87;1;2544.18;1053.72;5;258;1.81
LC2_8_9;800;1;24;11629.41;3600.00;111;1;2234.64;1364.21;2;86;0.76
LC2_8_10;800;1;24;11574.90;3600.00;81;1;2164.46;1433.59;1;174;1.58
LR1_8_1;800;1;80;39308.25;3600.00;140;1;1601.96;1990.16;4;481;7.38
LR1_8_2;800;1;59;34236.02;3600.00;192;1;1850.43;1451.34;16;2951;297.66
LR1_8_3;800;1;44;29580.34;3616.88;151;1;1416.40;1485.77;18;3303;714.22
LR1_8_4;800;1;25;21204.06;3600.00;137;1;1492.80;1943.22;10;2336;163.30
LR1_8_5;800;1;49;40751.68;3600.00;275;3;2344.47;1239.78;6;351;15.01
LR1_8_6;800;1;40;36006.06;3600.00;235;2;1870.56;1676.11;18;1216;52.67
LR1_8_7;800;1;30;28479.76;3600.00;202;2;1817.28;1711.31;20;2382;70.74
LR1_8_8;800;1;20;20578.61;3600.01;141;2;1717.71;1844.73;14;1893;37.02
LR1_8_9;800;1;40;38204.49;3600.00;352;4;2361.72;1215.95;4;355;21.44
LR1_8_10;800;1;32;32414.03;3600.00;213;2;2489.96;1099.15;18;382;10.26
LR2_8_1;800;1;15;50285.63;3600.00;246;2;2509.28;1068.40;11;721;21.51
LR2_8_2;800;1;12;34617.49;3600.01;124;1;2423.06;1162.89;13;876;13.59
LR2_8_3;800;1;9;31537.35;3600.00;72;2;2239.31;1353.63;3;499;6.44
LR2_8_4;800;1;6;23439.25;3600.02;18;1;2810.59;786.80;0;81;0.21
LR2_8_5;800;1;11;37971.97;3600.00;95;1;3135.65;460.45;12;442;3.54
LR2_8_6;800;1;9;33385.21;3600.01;39;1;3215.29;383.39;2;205;0.99
LR2_8_7;800;1;7;30167.52;3600.00;15;2;3329.47;269.90;0;88;0.19
LR2_8_8;800;1;5;20555.01;3600.07;7;1;3466.33;131.91;0;34;0.03
LR2_8_9;800;1;10;37577.92;3600.00;82;1;3289.84;307.02;7;372;2.76
LR2_8_10;800;1;9;31354.39;3600.00;18;1;3417.19;182.42;1;111;0.22
LRC1_8_1;800;1;66;32371.22;3600.00;227;2;2237.05;1348.47;11;590;13.82
LRC1_8_2;800;1;56;27921.74;3600.00;170;2;1739.78;1835.64;10;1210;24.03
LRC1_8_3;800;1;48;24412.24;3600.00;109;2;1023.27;2554.25;15;1597;22.08
LRC1_8_4;800;1;34;18233.30;3600.00;86;1;794.25;2794.53;13;1258;10.73
LRC1_8_5;800;1;58;31827.75;3600.00;211;4;2151.38;1426.32;18;964;21.67
LRC1_8_6;800;1;55;28725.14;3600.01;212;3;2167.68;1414.62;15;800;17.07
LRC1_8_7;800;1;51;28595.71;3600.00;206;5;2159.28;1406.83;31;1153;33.36
LRC1_8_8;800;1;46;27037.24;3600.00;215;2;2402.38;1169.32;30;1216;27.77
LRC1_8_9;800;1;45;25113.36;3600.00;215;1;2272.05;1298.01;31;1134;29.44
LRC1_8_10;800;1;40;24707.87;3600.00;161;2;2392.60;1191.68;30;818;15.30
LRC2_8_1;800;1;20;23197.77;3600.00;225;3;2269.88;1320.82;7;368;8.57
LRC2_8_2;800;1;17;22842.23;3600.00;133;2;2149.50;1435.83;21;913;14.21
LRC2_8_3;800;1;15;17837.44;3600.00;77;1;1435.63;2155.51;14;576;8.30
LRC2_8_4;800;1;11;15812.95;3600.01;42;1;977.98;2617.28;2;364;3.03
LRC2_8_5;800;1;16;25836.34;3600.00;141;2;2523.82;1058.41;13;1054;17.33
LRC2_8_6;800;1;15;25855.49;3600.00;108;2;2947.78;643.93;13;545;7.94
LRC2_8_7;800;1;14;25848.31;3600.00;107;2;2812.16;779.69;6;773;7.72
LRC2_8_8;800;1;12;23360.70;3600.01;46;1;3248.69;348.77;1;387;2.24
LRC2_8_9;800;1;11;24699.41;3600.00;33;2;3313.06;285.90;1;219;0.86
LRC2_8_10;800;1;10;20943.82;3600.02;17;1;3287.17;312.36;2;113;0.26
LC1_10_1;1000;1;100;42488.66;3600.01;95;0;2447.42;1150.84;0;149;1.07
LC1_10_2;1000;1;95;43628.83;3600.00;85;3;1929.03;1665.97;7;433;4.44
LC1_10_3;1000;1;81;43221.51;3600.01;56;3;1428.79;2166.75;13;531;4.18
LC1_10_4;1000;1;74;38314.93;3600.01;40;2;1481.38;2115.33;12;485;2.95
LC1_10_5;1000;1;100;42477.41;3600.00;103;0;2372.21;1225.76;0;161;1.23
LC1_10_6;1000;1;101;42838.39;3600.00;100;1;2383.57;1214.08;0;195;1.59
LC1_10_7;1000;1;100;42854.99;3600.00;100;1;2415.71;1181.88;1;183;1.71
LC1_10_8;1000;1;98;42949.56;3600.00;104;2;2289.58;1307.53;2;275;2.30
LC1_10_9;1000;1;91;43493.72;3600.00;80;3;2237.68;1357.04;12;459;4.86
LC1_10_10;1000;1;88;43650.83;3600.00;54;2;2230.56;1364.58;20;565;4.58
LC2_10_1;1000;1;30;16879.24;3600.00;196;1;2565.43;1032.53;0;49;0.95
LC2_10_2;1000;1;31;19797.94;3600.00;115;2;2081.11;1514.50;7;322;3.88
LC2_10_3;1000;1;30;17754.37;3600.00;66;1;1411.57;2186.48;10;212;1.41
LC2_10_4;1000;1;29;18014.48;3600.00;54;1;1075.75;2522.22;14;243;1.52
LC2_10_5;1000;1;31;17137.53;3600.00;101;1;2493.31;1104.74;2;156;1.48
LC2_10_6;1000;1;31;17194.08;3600.00;72;1;2451.42;1146.79;3;183;1.41
LC2_10_7;1000;1;31;20133.25;3600.00;90;2;2543.92;1053.38;10;207;2.28
LC2_10_8;1000;1;30;17015.03;3600.00;68;2;2298.05;1300.34;3;143;1.18
LC2_10_9;1000;1;30;19831.34;3600.00;86;2;2288.05;1309.00;18;223;2.47
LC2_10_10;1000;1;30;17341.88;3600.00;46;1;2305.32;1292.80;12;267;1.59
LR1_10_1;1000;1;100;56744.91;3600.01;51;1;996.13;2600.33;3;515;3.24
LR1_10_2;1000;1;80;49432.32;3600.00;98;1;1555.72;2012.18;8;2578;31.54
LR1_10_3;1000;1;54;42427.54;3632.92;97;1;1286.95;1805.95;9;2671;539.40
LR1_10_4;1000;1;28;31467.18;3600.00;99;4;1414.03;2090.96;7;1822;94.19
LR1_10_5;1000;1;60;61757.52;3600.07;156;3;2371.72;1218.91;13;424;8.75
LR1_10_6;1000;1;49;50332.69;3600.00;136;4;2020.51;1557.14;18;1036;21.73
LR1_10_7;1000;1;36;39500.03;3600.00;131;3;1913.22;1653.87;24;1521;32.25
LR1_10_8;1000;1;25;30200.30;3600.01;90;4;1587.37;1985.01;9;1412;27.02
LR1_10_9;1000;1;50;54805.37;3600.00;187;3;2038.42;1548.40;10;398;12.45
LR1_10_10;1000;1;39;46709.95;3600.00;132;4;2251.32;1334.86;20;581;13.31
LR2_10_1;1000;1;18;59508.35;3600.00;149;1;2392.55;1193.22;19;801;13.57
LR2_10_2;1000;1;14;60251.84;3600.00;89;2;2202.10;1386.34;7;801;11.01
LR2_10_3;1000;1;11;42079.19;3600.01;50;1;2063.07;1532.41;2;413;3.72
LR2_10_4;1000;1;8;29661.73;3600.01;18;1;2246.43;1351.73;0;79;0.21
LR2_10_5;1000;1;14;60024.10;3600.00;67;2;2992.46;603.55;9;416;3.63
LR2_10_6;1000;1;12;49276.16;3600.02;29;1;2992.17;606.23;0;242;1.27
LR2_10_7;1000;1;9;42311.31;3600.01;21;1;3060.25;538.59;0;153;0.44
LR2_10_8;1000;1;7;27090.03;3600.05;4;1;3259.36;335.68;0;18;0.01
LR2_10_9;1000;1;13;55427.62;3600.02;59;1;3127.40;469.45;4;416;2.82
LR2_10_10;1000;1;11;47173.15;3600.01;13;2;3282.94;316.62;2;97;0.18
LRC1_10_1;1000;1;83;49154.14;3600.00;113;3;2039.15;1548.33;9;923;11.90
LRC1_10_2;1000;1;72;45078.55;3600.00;97;3;1765.80;1812.98;26;1249;20.79
LRC1_10_3;1000;1;53;35712.89;3600.00;70;3;1060.08;2526.17;20;1269;13.28
LRC1_10_4;1000;1;40;27549.74;3600.01;61;1;903.95;2684.11;10;1173;10.89
LRC1_10_5;1000;1;72;51714.78;3600.00;109;5;2011.72;1575.38;26;880;12.44
LRC1_10_6;1000;1;68;44738.24;3600.00;119;4;2227.57;1360.01;15;776;11.85
LRC1_10_7;1000;1;61;42697.69;3600.00;122;4;2249.20;1339.49;20;756;10.71
LRC1_10_8;1000;1;56;43354.92;3600.00;156;5;1997.34;1579.74;26;915;22.35
LRC1_10_9;1000;1;53;41377.74;3600.00;141;4;2068.75;1510.20;34;1003;20.59
LRC1_10_10;1000;1;49;37115.52;3600.00;103;2;2335.68;1254.92;15;672;8.88
LRC2_10_1;1000;1;22;35026.46;3600.00;119;2;2114.73;1479.69;7;348;4.85
LRC2_10_2;1000;1;20;33258.81;3600.00;95;2;1826.10;1764.51;17;782;8.77
LRC2_10_3;1000;1;16;29500.34;3600.01;56;2;1111.71;2481.28;7;596;6.25
LRC2_10_4;1000;1;11;25300.62;3600.00;20;2;698.30;2893.55;1;212;1.06
LRC2_10_5;1000;1;17;37226.37;3600.00;72;3;2301.38;1294.52;12;550;3.74
LRC2_10_6;1000;1;17;31187.18;3600.00;69;3;2776.06;821.11;15;406;2.48
LRC2_10_7;1000;1;16;34886.75;3600.00;59;3;2731.86;863.50;9;562;4.29
LRC2_10_10;1000;1;11;33534.67;3600.03;22;2;3011.06;588.05;2;145;0.53
