instance;size;rep;v;cost;time;iter;ges-num-reduced;ges-total-time;lns-total-time;sp-num-improve;sp-pool-size;sp-total-time
lc101;100;1;10;828.94;300.00;311;0;244.21;55.77;0;0;0.00
lc102;100;1;10;828.94;300.00;270;0;244.49;55.49;0;0;0.00
lc103;100;1;9;1035.35;300.00;235;1;234.72;65.26;0;0;0.00
lc104;100;1;9;860.01;300.00;164;1;224.39;75.59;0;0;0.00
lc105;100;1;10;828.94;300.00;282;0;245.46;54.53;0;0;0.00
lc106;100;1;10;828.94;300.00;262;1;246.92;53.06;0;0;0.00
lc107;100;1;10;828.94;300.00;257;0;244.65;55.33;0;0;0.00
lc108;100;1;10;826.44;300.00;206;0;250.69;49.29;0;0;0.00
lc109;100;1;9;1000.60;300.00;196;1;236.28;63.70;0;0;0.00
lc201;100;1;3;591.56;300.00;229;0;262.40;37.58;0;0;0.00
lc202;100;1;3;591.56;300.00;186;1;247.28;52.70;0;0;0.00
lc203;100;1;3;591.17;300.00;165;1;224.90;75.07;0;0;0.00
lc204;100;1;3;590.60;300.00;99;0;186.04;113.94;0;0;0.00
lc205;100;1;3;588.88;300.00;210;0;252.30;47.68;0;0;0.00
lc206;100;1;3;588.49;300.00;181;1;244.04;55.94;0;0;0.00
lc207;100;1;3;588.29;300.00;179;1;233.96;66.02;0;0;0.00
lc208;100;1;3;588.32;300.00;171;1;228.41;71.57;0;0;0.00
lr101;100;1;19;1650.80;300.00;283;1;222.35;77.63;0;0;0.00
lr102;100;1;17;1487.57;300.00;247;1;215.87;84.11;0;0;0.00
lr103;100;1;13;1292.68;300.00;261;1;227.47;72.51;0;0;0.00
lr104;100;1;9;1013.39;300.00;272;1;248.64;51.34;0;0;0.00
lr105;100;1;14;1377.11;300.00;296;1;234.13;65.86;0;0;0.00
lr106;100;1;12;1252.62;300.00;298;1;240.03;59.95;0;0;0.00
lr107;100;1;10;1111.31;300.00;285;1;245.59;54.39;0;0;0.00
lr108;100;1;9;968.97;300.00;269;1;245.87;54.11;0;0;0.00
lr109;100;1;11;1208.96;300.00;287;1;246.71;53.27;0;0;0.00
lr110;100;1;10;1159.35;300.00;275;1;247.49;52.49;0;0;0.00
lr111;100;1;10;1108.90;300.00;280;1;244.12;55.86;0;0;0.00
lr112;100;1;9;1003.77;300.00;242;1;248.07;51.91;0;0;0.00
lr201;100;1;4;1253.23;300.00;156;1;247.32;52.66;0;0;0.00
lr202;100;1;3;1197.67;300.00;136;1;253.04;46.94;0;0;0.00
lr203;100;1;3;949.40;300.00;89;1;221.65;78.33;0;0;0.00
lr204;100;1;2;849.05;300.00;359;1;102.42;197.58;0;0;0.00
lr205;100;1;3;1054.02;300.00;141;1;225.16;74.82;0;0;0.00
lr206;100;1;3;931.63;300.00;93;1;233.03;66.95;0;0;0.00
lr207;100;1;2;903.06;300.00;314;1;98.13;201.87;0;0;0.00
lr208;100;1;2;734.85;300.00;268;1;79.17;220.83;0;0;0.00
lr209;100;1;3;930.59;300.00;97;1;232.14;67.84;0;0;0.00
lr210;100;1;3;964.22;300.00;102;1;235.79;64.19;0;0;0.00
lr211;100;1;2;911.52;300.00;439;1;93.90;206.10;0;0;0.00
lrc101;100;1;14;1708.80;300.00;308;1;237.67;62.31;0;0;0.00
lrc102;100;1;12;1558.07;300.00;291;1;244.61;55.37;0;0;0.00
lrc103;100;1;11;1258.74;300.00;275;1;243.68;56.30;0;0;0.00
lrc104;100;1;10;1128.40;300.00;241;1;237.84;62.14;0;0;0.00
lrc105;100;1;13;1637.62;300.00;300;1;238.11;61.87;0;0;0.00
lrc106;100;1;11;1424.73;300.00;303;1;246.68;53.30;0;0;0.00
lrc107;100;1;11;1230.14;300.00;280;1;240.87;59.11;0;0;0.00
lrc108;100;1;10;1147.43;300.00;268;1;245.88;54.10;0;0;0.00
lrc201;100;1;4;1406.94;300.00;136;1;244.04;55.95;0;0;0.00
lrc202;100;1;3;1374.27;300.00;178;1;258.71;41.27;0;0;0.00
lrc203;100;1;3;1089.07;300.00;86;1;243.97;56.02;0;0;0.00
lrc204;100;1;3;818.66;300.00;53;1;243.65;56.33;0;0;0.00
lrc205;100;1;4;1302.20;300.00;145;1;236.83;63.16;0;0;0.00
lrc206;100;1;3;1159.03;300.00;156;1;246.78;53.21;0;0;0.00
lrc207;100;1;3;1062.05;300.00;102;1;243.21;56.77;0;0;0.00
lrc208;100;1;3;852.76;300.00;80;1;228.70;71.29;0;0;0.00
LC1_2_1;200;1;20;2704.57;900.00;526;0;715.99;183.91;0;0;0.00
LC1_2_2;200;1;19;2764.56;900.00;474;1;719.68;180.22;0;0;0.00
LC1_2_3;200;1;17;3142.65;900.00;411;1;707.06;192.86;0;0;0.00
LC1_2_4;200;1;17;2693.41;900.00;237;1;508.81;391.13;0;0;0.00
LC1_2_5;200;1;20;2702.05;900.00;489;0;716.21;183.69;0;0;0.00
LC1_2_6;200;1;20;2701.04;900.00;463;1;725.62;174.28;0;0;0.00
LC1_2_7;200;1;20;2701.04;900.00;429;0;725.50;174.41;0;0;0.00
LC1_2_8;200;1;19;3404.95;900.00;406;2;735.75;164.17;0;0;0.00
LC1_2_9;200;1;18;2724.24;900.00;307;1;724.98;174.96;0;0;0.00
LC1_2_10;200;1;17;2942.13;900.00;334;1;719.29;180.64;0;0;0.00
LC2_2_1;200;1;6;1931.44;900.00;454;1;776.27;123.63;0;0;0.00
LC2_2_2;200;1;6;1881.40;900.00;304;1;684.77;215.15;0;0;0.00
LC2_2_3;200;1;6;1844.33;900.00;267;1;550.70;349.22;0;0;0.00
LC2_2_4;200;1;6;1767.12;900.00;206;1;470.09;429.81;0;0;0.00
LC2_2_5;200;1;6;1891.21;900.00;359;1;765.42;134.49;0;0;0.00
LC2_2_6;200;1;6;1857.78;900.00;306;1;667.82;232.10;0;0;0.00
LC2_2_7;200;1;6;1850.13;900.00;310;1;705.22;194.70;0;0;0.00
LC2_2_8;200;1;6;1824.34;900.00;236;1;617.47;282.45;0;0;0.00
LC2_2_9;200;1;6;1854.21;900.00;286;1;655.57;244.35;0;0;0.00
LC2_2_10;200;1;6;1817.45;900.00;225;1;598.39;301.53;0;0;0.00
LR1_2_1;200;1;20;4819.12;900.00;518;1;729.09;170.81;0;0;0.00
LR1_2_2;200;1;17;4621.21;900.00;451;1;732.22;167.69;0;0;0.00
LR1_2_3;200;1;14;4402.38;900.00;422;2;650.91;249.00;0;0;0.00
LR1_2_4;200;1;10;3031.20;900.00;213;1;627.67;272.27;0;0;0.00
LR1_2_5;200;1;16;4760.18;900.00;482;1;761.59;138.32;0;0;0.00
LR1_2_6;200;1;13;4835.27;900.00;488;1;741.35;158.55;0;0;0.00
LR1_2_7;200;1;12;3550.61;900.00;341;1;687.22;212.70;0;0;0.00
LR1_2_8;200;1;9;2801.91;900.00;211;1;695.03;204.91;0;0;0.00
LR1_2_9;200;1;14;4411.26;900.00;366;1;773.93;125.99;0;0;0.00
LR1_2_10;200;1;11;3740.48;900.00;383;2;761.85;138.07;0;0;0.00
LR2_2_1;200;1;5;4073.10;900.00;220;1;754.97;144.96;0;0;0.00
LR2_2_2;200;1;4;3796.00;900.00;107;1;791.86;108.10;0;0;0.00
LR2_2_3;200;1;4;3098.36;900.00;72;1;777.84;122.10;0;0;0.00
LR2_2_4;200;1;3;2486.00;900.00;150;1;388.81;511.00;0;0;0.00
LR2_2_5;200;1;4;3438.39;900.00;75;1;832.99;66.98;0;0;0.00
LR2_2_6;200;1;3;4520.82;900.00;92;1;849.48;50.49;0;0;0.00
LR2_2_7;200;1;3;3166.87;900.00;41;1;819.53;80.43;0;0;0.00
LR2_2_8;200;1;2;2857.25;900.00;375;1;432.85;467.08;0;0;0.00
LR2_2_9;200;1;3;4254.36;900.00;61;1;868.81;31.17;0;0;0.00
LR2_2_10;200;1;3;3289.81;900.00;93;1;772.48;127.48;0;0;0.00
LRC1_2_1;200;1;19;3606.06;900.00;432;1;670.49;229.42;0;0;0.00
LRC1_2_2;200;1;15;3673.19;900.00;449;1;664.81;235.10;0;0;0.00
LRC1_2_3;200;1;13;3188.96;900.00;387;1;715.92;183.99;0;0;0.00
LRC1_2_4;200;1;10;2631.82;900.00;316;1;576.45;323.46;0;0;0.00
LRC1_2_5;200;1;16;3715.81;900.00;375;1;719.53;180.40;0;0;0.00
LRC1_2_6;200;1;16;3572.16;900.00;422;1;724.72;175.19;0;0;0.00
LRC1_2_7;200;1;14;3787.74;900.00;459;2;726.37;173.54;0;0;0.00
LRC1_2_8;200;1;13;3145.74;900.00;354;1;742.66;157.27;0;0;0.00
LRC1_2_9;200;1;13;3233.60;900.00;349;1;741.69;158.23;0;0;0.00
LRC1_2_10;200;1;12;3008.82;900.00;294;1;766.87;133.06;0;0;0.00
LRC2_2_1;200;1;6;3690.10;900.00;238;1;771.67;128.26;0;0;0.00
LRC2_2_2;200;1;5;3283.08;900.00;146;1;759.65;140.29;0;0;0.00
LRC2_2_3;200;1;4;2884.36;900.00;76;1;793.15;106.81;0;0;0.00
LRC2_2_4;200;1;3;3024.27;900.00;58;1;767.84;132.09;0;0;0.00
LRC2_2_5;200;1;5;2776.93;900.00;117;1;774.25;125.70;0;0;0.00
LRC2_2_6;200;1;5;2707.96;900.00;98;1;795.25;104.71;0;0;0.00
LRC2_2_7;200;1;4;3195.89;900.00;83;1;828.10;71.87;0;0;0.00
LRC2_2_8;200;1;4;2399.99;900.00;48;1;825.27;74.70;0;0;0.00
LRC2_2_9;200;1;4;2208.49;900.00;64;1;790.98;108.98;0;0;0.00
LRC2_2_10;200;1;3;2661.49;900.00;45;1;807.69;92.26;0;0;0.00
LC1_4_1;400;1;40;7152.06;900.00;216;0;700.90;198.92;0;0;0.00
LC1_4_2;400;1;38;8204.99;900.00;178;2;636.99;262.88;0;0;0
LC1_4_3;400;1;33;8435.62;900.00;130;1;539.93;359.97;0;0;0.00
LC1_4_4;400;1;30;6874.97;900.00;131;1;580.32;319.56;0;0;0.00
LC1_4_5;400;1;40;7150.00;900.00;194;0;706.81;193.02;0;0;0.00
LC1_4_6;400;1;40;7154.02;900.00;180;1;720.42;179.42;0;0;0.00
LC1_4_7;400;1;40;7149.43;900.00;171;1;719.05;180.81;0;0;0.00
LC1_4_8;400;1;39;7111.16;900.00;143;1;725.28;174.60;0;0;0.00
LC1_4_9;400;1;36;7451.20;900.00;100;1;732.17;167.75;0;0;0.00
LC1_4_10;400;1;35;7578.33;900.00;105;1;683.29;216.64;0;0;0.00
LC2_4_1;400;1;12;4116.33;900.00;206;1;796.86;102.98;0;0;0.00
LC2_4_2;400;1;12;4144.29;900.00;125;2;760.73;139.16;0;0;0.00
LC2_4_3;400;1;12;4417.65;900.00;115;1;540.03;359.85;0;0;0.00
LC2_4_4;400;1;12;4038.00;900.00;102;1;426.63;473.20;0;0;0.00
LC2_4_5;400;1;12;4030.63;900.00;134;2;811.92;87.97;0;0;0.00
LC2_4_6;400;1;12;3900.29;900.00;101;1;754.45;145.44;0;0;0.00
LC2_4_7;400;1;12;3962.51;900.00;87;1;770.46;129.46;0;0;0
LC2_4_8;400;1;12;3844.45;900.00;87;1;724.84;175.07;0;0;0.00
LC2_4_9;400;1;12;4188.93;900.00;91;1;697.02;202.87;0;0;0.00
LC2_4_10;400;1;12;3828.44;900.00;78;1;666.81;233.09;0;0;0.00
LR1_4_1;400;1;40;10639.75;900.00;205;1;672.72;227.12;0;0;0.00
LR1_4_2;400;1;31;10058.94;900.00;177;1;650.87;248.99;0;0;0.00
LR1_4_3;400;1;22;9641.55;900.00;187;2;613.50;286.35;0;0;0.00
LR1_4_4;400;1;16;7127.75;900.00;114;1;593.20;306.70;0;0;0.00
LR1_4_5;400;1;28;11900.29;900.00;235;2;738.33;161.52;0;0;0.00
LR1_4_6;400;1;24;10889.19;900.00;205;2;672.66;227.18;0;0;0.00
LR1_4_7;400;1;19;8528.26;900.00;147;1;682.76;217.12;0;0;0.00
LR1_4_8;400;1;14;6195.21;900.00;92;1;713.39;186.51;0;0;0.00
LR1_4_9;400;1;24;10070.66;900.00;212;2;713.93;185.93;0;0;0.00
LR1_4_10;400;1;20;8830.96;900.00;174;1;747.46;152.42;0;0;0.00
LR2_4_1;400;1;8;9726.88;900.00;90;1;822.49;77.42;0;0;0.00
LR2_4_2;400;1;7;11674.13;900.00;35;1;830.50;69.43;0;0;0
LR2_4_3;400;1;6;8427.89;900.00;25;1;824.79;75.14;0;0;0
LR2_4_4;400;1;4;6852.65;900.01;7;1;839.04;60.68;0;0;0
LR2_4_5;400;1;6;10580.00;900.00;37;2;867.67;32.30;0;0;0.00
LR2_4_6;400;1;5;9990.02;900.00;21;2;869.61;30.32;0;0;0
LR2_4_7;400;1;5;7089.95;900.00;7;1;873.94;25.95;0;0;0
LR2_4_8;400;1;4;5471.38;900.01;8;1;809.14;90.45;0;0;0
LR2_4_9;400;1;6;8522.42;900.01;16;1;865.40;34.57;0;0;0
LR2_4_10;400;1;5;8912.54;900.02;28;2;845.06;54.87;0;0;0.00
LRC1_4_1;400;1;36;9152.58;900.00;193;1;675.44;224.40;0;0;0.00
LRC1_4_2;400;1;31;8346.06;900.00;197;1;641.19;258.67;0;0;0.00
LRC1_4_3;400;1;24;7830.10;900.00;184;2;589.31;310.54;0;0;0.00
LRC1_4_4;400;1;19;5825.87;900.00;137;1;452.76;447.10;0;0;0.00
LRC1_4_5;400;1;32;9019.96;900.00;207;1;709.79;190.08;0;0;0.00
LRC1_4_6;400;1;30;8545.23;900.00;213;2;679.75;220.12;0;0;0.00
LRC1_4_7;400;1;28;8616.23;900.00;186;2;717.94;181.97;0;0;0.00
LRC1_4_8;400;1;26;8264.41;900.00;162;2;746.40;153.48;0;0;0.00
LRC1_4_9;400;1;25;8228.86;900.00;189;2;710.86;189.01;0;0;0.00
LRC1_4_10;400;1;23;7552.23;900.00;155;2;737.12;162.76;0;0;0.00
LRC2_4_1;400;1;12;8822.10;900.00;89;1;797.24;102.68;0;0;0.00
LRC2_4_2;400;1;10;8132.21;900.00;92;1;707.57;192.33;0;0;0.00
LRC2_4_3;400;1;8;6556.94;900.00;55;1;708.12;191.78;0;0;0.00
LRC2_4_4;400;1;5;5718.98;900.00;27;1;750.61;149.04;0;0;0.00
LRC2_4_5;400;1;10;7776.15;900.00;64;1;799.97;99.96;0;0;0.00
LRC2_4_6;400;1;9;7150.17;900.00;49;1;841.15;58.79;0;0;0.00
LRC2_4_7;400;1;8;8141.39;900.00;31;1;849.08;50.87;0;0;0.00
LRC2_4_8;400;1;7;6407.19;900.00;19;1;861.96;38.01;0;0;0.00
LRC2_4_9;400;1;7;5344.85;900.01;18;1;853.88;46.04;0;0;0
LRC2_4_10;400;1;6;5901.01;900.00;21;1;848.97;50.97;0;0;0.00
LC1_6_1;600;1;60;14095.64;1800.00;201;1;1237.53;562.09;0;0;0.00
LC1_6_2;600;1;57;15059.57;1800.00;161;3;1068.65;731.09;0;0;0.00
LC1_6_3;600;1;49;15487.86;1800.00;123;3;1099.49;700.34;0;0;0.00
LC1_6_4;600;1;48;13341.30;1800.00;83;1;764.43;1035.42;0;0;0.00
LC1_6_5;600;1;60;14086.30;1800.00;184;0;1274.06;525.59;0;0;0.00
LC1_6_6;600;1;60;14090.79;1800.00;174;1;1287.51;512.15;0;0;0.00
LC1_6_7;600;1;60;14083.76;1800.00;158;0;1305.10;494.59;0;0;0.00
LC1_6_8;600;1;58;15037.98;1800.00;161;2;1204.14;595.59;0;0;0
LC1_6_9;600;1;54;14681.94;1800.00;101;2;1322.90;476.94;0;0;0.00
LC1_6_10;600;1;52;16478.55;1800.00;102;2;1312.19;487.63;0;0;0.00
LC2_6_1;600;1;19;7977.98;1800.00;186;1;1515.00;284.65;0;0;0.00
LC2_6_2;600;1;18;10138.38;1800.00;170;2;1301.36;498.38;0;0;0.00
LC2_6_3;600;1;18;7436.50;1800.00;121;1;1038.17;761.52;0;0;0.00
LC2_6_4;600;1;17;8024.21;1800.01;79;1;672.81;1126.92;0;0;0.00
LC2_6_5;600;1;19;8047.37;1800.00;87;2;1410.52;389.32;0;0;0.00
LC2_6_6;600;1;18;9483.76;1800.00;130;2;1382.86;416.94;0;0;0.00
LC2_6_7;600;1;19;8010.89;1800.00;73;1;1301.11;498.77;0;0;0.00
LC2_6_8;600;1;18;7579.93;1800.00;77;1;1336.03;463.80;0;0;0.00
LC2_6_9;600;1;18;9060.88;1800.00;108;2;1350.70;449.12;0;0;0.00
LC2_6_10;600;1;18;7479.38;1800.00;62;1;1274.77;525.00;0;0;0.00
LR1_6_1;600;1;59;22835.62;1800.00;165;1;943.58;856.16;0;0;0.00
LR1_6_2;600;1;45;20420.55;1800.00;167;1;882.82;916.91;0;0;0.00
LR1_6_3;600;1;37;18179.91;1800.00;171;1;916.45;883.20;0;0;0.00
LR1_6_4;600;1;28;13363.37;1800.00;113;1;594.54;1205.17;0;0;0.00
LR1_6_5;600;1;38;24661.10;1800.00;213;3;1286.89;512.81;0;0;0.00
LR1_6_6;600;1;32;21392.85;1800.00;202;2;1179.64;620.06;0;0;0.00
LR1_6_7;600;1;25;17735.48;1800.00;190;2;1206.19;593.51;0;0;0.00
LR1_6_8;600;1;18;12355.32;1800.00;102;3;983.16;816.62;0;0;0.00
LR1_6_9;600;1;32;22922.74;1800.00;221;2;1369.99;429.71;0;0;0.00
LR1_6_10;600;1;26;19260.17;1800.00;139;3;1330.46;469.38;0;0;0.00
LR2_6_1;600;1;11;22903.63;1800.00;143;1;1486.27;313.51;0;0;0.00
LR2_6_2;600;1;9;24797.01;1800.00;127;2;1410.66;389.03;0;0;0.00
LR2_6_3;600;1;7;19828.87;1800.00;50;2;1464.52;335.23;0;0;0.00
LR2_6_4;600;1;6;11539.94;1800.01;31;1;1174.65;624.53;0;0;0
LR2_6_5;600;1;9;20662.97;1800.00;27;1;1691.71;108.15;0;0;0
LR2_6_6;600;1;7;21471.56;1800.00;13;2;1673.90;126.01;0;0;0
LR2_6_7;600;1;6;18014.13;1800.02;13;1;1677.71;122.15;0;0;0.00
LR2_6_8;600;1;5;12734.79;1800.02;5;1;1665.53;133.94;0;0;0
LR2_6_9;600;1;8;20856.41;1800.02;22;1;1735.21;64.68;0;0;0
LR2_6_10;600;1;7;18337.52;1800.02;27;1;1740.74;59.18;0;0;0.00
LRC1_6_1;600;1;52;18462.29;1800.00;203;2;1064.70;734.99;0;0;0.00
LRC1_6_2;600;1;43;16856.82;1800.00;196;2;1020.35;779.32;0;0;0.00
LRC1_6_3;600;1;36;14147.84;1800.00;113;1;717.28;1082.50;0;0;0.00
LRC1_6_4;600;1;25;10906.56;1800.00;82;1;483.18;1316.46;0;0;0.00
LRC1_6_5;600;1;46;16976.15;1800.00;197;1;1089.38;710.30;0;0;0.00
LRC1_6_6;600;1;42;17283.39;1800.00;203;2;1189.40;610.30;0;0;0.00
LRC1_6_7;600;1;38;15849.50;1800.00;171;1;1221.61;578.15;0;0;0.00
LRC1_6_8;600;1;34;15775.50;1800.00;197;1;1225.36;574.37;0;0;0.00
LRC1_6_9;600;1;34;15261.18;1800.00;164;2;1301.99;497.80;0;0;0.00
LRC1_6_10;600;1;30;14515.16;1800.00;153;2;1281.33;518.46;0;0;0.00
LRC2_6_1;600;1;16;14719.50;1800.00;129;2;1395.70;404.06;0;0;0.00
LRC2_6_2;600;1;13;15766.03;1800.00;100;1;1344.48;455.31;0;0;0.00
LRC2_6_3;600;1;10;15156.39;1800.00;52;1;1284.03;515.63;0;0;0.00
LRC2_6_4;600;1;7;10751.96;1800.01;27;1;1279.45;519.69;0;0;0
LRC2_6_5;600;1;13;14987.31;1800.00;145;1;1293.69;505.99;0;0;0.00
LRC2_6_6;600;1;12;16328.87;1800.00;79;1;1564.62;235.22;0;0;0.00
LRC2_6_7;600;1;10;15701.28;1800.00;27;2;1669.45;130.44;0;0;0.00
LRC2_6_8;600;1;9;16414.59;1800.01;45;2;1591.13;208.74;0;0;0.00
LRC2_6_9;600;1;9;16452.74;1800.01;22;1;1721.76;78.13;0;0;0.00
LRC2_6_10;600;1;8;12205.25;1800.00;18;1;1640.49;159.29;0;0;0.00
LC1_8_1;800;1;80;25184.38;3600.00;179;0;2358.75;1240.52;0;0;0.00
LC1_8_2;800;1;77;27054.45;3600.01;146;2;1940.98;1658.53;0;0;0.00
LC1_8_3;800;1;64;27417.20;3600.00;111;2;1549.59;2050.12;0;0;0.00
LC1_8_4;800;1;60;23169.01;3600.00;76;2;1545.24;2054.47;0;0;0.00
LC1_8_5;800;1;80;25211.22;3600.00;178;0;2344.91;1254.39;0;0;0.00
LC1_8_6;800;1;80;25164.25;3600.00;161;1;2350.71;1248.61;0;0;0.00
LC1_8_7;800;1;80;25158.38;3600.01;142;1;2423.18;1176.21;0;0;0.00
LC1_8_8;800;1;78;25348.45;3600.00;145;1;2213.59;1385.94;0;0;0.00
LC1_8_9;800;1;72;26900.46;3600.00;129;2;2181.07;1418.55;0;0;0.00
LC1_8_10;800;1;70;27093.17;3600.01;85;2;2454.96;1144.72;0;0;0.00
LC2_8_1;800;1;24;11687.06;3600.00;326;1;2614.97;984.08;0;0;0.00
LC2_8_2;800;1;24;14398.84;3600.00;232;3;2242.80;1356.66;0;0;0.00
LC2_8_3;800;1;24;13263.41;3600.00;111;2;1618.48;1981.21;0;0;0.00
LC2_8_4;800;1;24;12298.32;3600.00;64;1;879.95;2719.63;0;0;0.00
LC2_8_5;800;1;25;12329.80;3600.00;148;1;2649.02;950.54;0;0;0.00
LC2_8_6;800;1;24;12839.31;3600.00;145;2;2676.97;922.61;0;0;0.00
LC2_8_7;800;1;25;11854.44;3600.00;102;1;2356.04;1243.61;0;0;0.00
LC2_8_8;800;1;24;11475.75;3600.00;84;1;2337.99;1261.74;0;0;0.00
LC2_8_9;800;1;24;11629.41;3600.00;106;1;2119.98;1479.64;0;0;0.00
LC2_8_10;800;1;24;11574.90;3600.00;73;1;2010.77;1588.90;0;0;0.00
LR1_8_1;800;1;80;39308.25;3600.00;142;1;1541.82;2057.73;0;0;0.00
LR1_8_2;800;1;59;34482.25;3600.00;189;1;1822.01;1777.41;0;0;0.00
LR1_8_3;800;1;44;29760.95;3600.00;165;1;1487.91;2111.51;0;0;0.00
LR1_8_4;800;1;25;21810.87;3600.00;133;1;1634.96;1964.30;0;0;0.00
LR1_8_5;800;1;49;41903.37;3600.00;302;3;2420.10;1179.18;0;0;0.00
LR1_8_6;800;1;40;36461.87;3600.00;256;2;2029.15;1570.09;0;0;0.00
LR1_8_7;800;1;30;28512.93;3600.00;211;2;1806.69;1792.71;0;0;0.00
LR1_8_8;800;1;20;21078.74;3600.00;144;2;1726.34;1873.12;0;0;0.00
LR1_8_9;800;1;41;39502.52;3600.00;348;3;2454.56;1144.60;0;0;0.00
LR1_8_10;800;1;32;32333.23;3600.00;220;2;2362.35;1237.08;0;0;0.00
LR2_8_1;800;1;15;50361.12;3600.00;258;2;2476.64;1122.62;0;0;0.00
LR2_8_2;800;1;12;36163.34;3600.00;129;1;2441.01;1158.47;0;0;0.00
LR2_8_3;800;1;9;31756.95;3600.01;68;2;2149.89;1449.24;0;0;0.00
LR2_8_4;800;1;6;23439.25;3600.01;18;1;2793.03;802.91;0;0;0.00
LR2_8_5;800;1;11;39166.45;3600.00;93;1;3149.50;450.15;0;0;0.00
LR2_8_6;800;1;9;33560.57;3600.01;38;1;3250.90;348.85;0;0;0.00
LR2_8_7;800;1;7;30167.52;3600.02;16;2;3322.85;276.36;0;0;0.00
LR2_8_8;800;1;5;20555.01;3600.01;7;1;3471.59;126.64;0;0;0.00
LR2_8_9;800;1;10;37367.44;3600.00;83;1;3244.29;355.37;0;0;0.00
LR2_8_10;800;1;9;31346.55;3600.00;22;1;3328.18;271.53;0;0;0.00
LRC1_8_1;800;1;66;32412.29;3600.00;229;2;2111.59;1487.82;0;0;0.00
LRC1_8_2;800;1;56;28041.79;3600.00;170;2;1530.78;2068.76;0;0;0.00
LRC1_8_3;800;1;48;24600.25;3600.01;113;2;971.55;2628.07;0;0;0.00
LRC1_8_4;800;1;34;18356.42;3600.01;87;1;825.97;2773.42;0;0;0.00
LRC1_8_5;800;1;58;31829.83;3600.00;214;4;1975.59;1623.86;0;0;0.00
LRC1_8_6;800;1;55;28986.07;3600.00;209;3;2078.88;1520.55;0;0;0.00
LRC1_8_7;800;1;51;28753.53;3600.00;210;5;2070.95;1528.57;0;0;0.00
LRC1_8_8;800;1;46;26792.39;3600.00;218;2;2172.54;1426.97;0;0;0.00
LRC1_8_9;800;1;45;25102.97;3600.00;217;1;2088.51;1510.99;0;0;0.00
LRC1_8_10;800;1;40;24926.62;3600.00;180;2;2290.14;1309.40;0;0;0.00
LRC2_8_1;800;1;20;23133.73;3600.00;228;3;2308.79;1290.56;0;0;0.00
LRC2_8_2;800;1;17;22936.49;3600.00;133;2;1941.07;1658.45;0;0;0.00
LRC2_8_3;800;1;15;18040.47;3600.00;77;1;1409.59;2189.82;0;0;0.00
LRC2_8_4;800;1;11;15835.80;3600.00;39;1;891.05;2706.28;0;0;0.00
LRC2_8_5;800;1;16;25181.01;3600.00;140;2;2554.09;1045.41;0;0;0.00
LRC2_8_6;800;1;15;26051.88;3600.00;112;2;2921.42;678.25;0;0;0.00
LRC2_8_7;800;1;14;25388.66;3600.00;105;2;2946.55;653.21;0;0;0.00
LRC2_8_8;800;1;12;23370.63;3600.01;48;1;3309.52;290.32;0;0;0.00
LRC2_8_9;800;1;11;24637.47;3600.00;35;2;3261.04;338.71;0;0;0.00
LRC2_8_10;800;1;10;21292.75;3600.00;17;1;3282.65;317.14;0;0;0.00
LC1_10_1;1000;1;100;42488.66;3600.00;108;0;2360.69;1238.57;0;0;0.00
LC1_10_2;1000;1;95;43576.80;3600.00;83;3;2049.15;1550.27;0;0;0.00
LC1_10_3;1000;1;81;43552.69;3600.01;54;3;1304.96;2294.81;0;0;0.00
LC1_10_4;1000;1;74;38744.88;3600.02;41;3;1432.63;2167.14;0;0;0.00
LC1_10_5;1000;1;100;42477.41;3600.00;111;0;2323.96;1275.27;0;0;0.00
LC1_10_6;1000;1;101;42838.39;3600.00;98;1;2350.17;1249.13;0;0;0.00
LC1_10_7;1000;1;100;42854.99;3600.00;98;1;2334.31;1265.02;0;0;0.00
LC1_10_8;1000;1;98;42949.56;3600.00;104;2;2169.93;1429.57;0;0;0.00
LC1_10_9;1000;1;91;43142.91;3600.01;82;3;2131.35;1468.25;0;0;0.00
LC1_10_10;1000;1;88;44341.29;3600.00;60;2;2179.73;1419.99;0;0;0.00
LC2_10_1;1000;1;30;16879.24;3600.00;195;1;2594.56;1004.53;0;0;0.00
LC2_10_2;1000;1;31;19863.68;3600.00;113;2;1964.89;1634.69;0;0;0.00
LC2_10_3;1000;1;30;17761.48;3600.01;62;2;1322.14;2277.41;0;0;0.00
LC2_10_4;1000;1;29;18269.13;3600.00;51;1;959.10;2640.48;0;0;0.00
LC2_10_5;1000;1;31;17137.53;3600.00;106;1;2392.57;1206.91;0;0;0.00
LC2_10_6;1000;1;31;17194.19;3600.01;67;1;2303.93;1295.71;0;0;0.00
LC2_10_7;1000;1;31;19763.00;3600.01;85;2;2344.09;1255.61;0;0;0.00
LC2_10_8;1000;1;30;17015.41;3600.00;68;2;2261.07;1338.54;0;0;0.00
LC2_10_9;1000;1;30;20001.97;3600.00;81;2;2235.07;1364.57;0;0;0.00
LC2_10_10;1000;1;30;17101.40;3600.00;44;1;2147.65;1452.06;0;0;0.00
LR1_10_1;1000;1;100;56785.93;3600.00;48;1;900.45;2699.26;0;0;0.00
LR1_10_2;1000;1;80;49574.26;3600.00;96;1;1412.73;2186.80;0;0;0.00
LR1_10_3;1000;1;54;42524.38;3600.00;108;1;1522.05;2077.31;0;0;0.00
LR1_10_4;1000;1;28;31524.88;3600.00;124;4;1665.64;1933.39;0;0;0.00
LR1_10_5;1000;1;60;61290.77;3600.00;154;3;2361.73;1237.67;0;0;0.00
LR1_10_6;1000;1;49;50643.09;3600.00;134;4;1886.65;1712.80;0;0;0.00
LR1_10_7;1000;1;36;40463.72;3600.00;136;3;1856.75;1742.49;0;0;0.00
LR1_10_8;1000;1;25;30271.99;3600.00;82;3;1624.46;1974.76;0;0;0.00
LR1_10_9;1000;1;50;53882.97;3600.00;190;3;2023.49;1575.86;0;0;0.00
LR1_10_10;1000;1;40;46988.77;3600.01;130;3;2241.19;1358.37;0;0;0.00
LR2_10_1;1000;1;18;60836.06;3600.01;154;1;2425.42;1173.87;0;0;0.00
LR2_10_2;1000;1;14;62656.32;3600.00;110;2;1801.93;1797.41;0;0;0.00
LR2_10_3;1000;1;11;42364.46;3600.01;48;1;2130.12;1469.20;0;0;0.00
LR2_10_4;1000;1;8;29661.73;3600.02;19;1;2079.82;1518.55;0;0;0.00
LR2_10_5;1000;1;14;58476.78;3600.01;65;2;3108.34;491.33;0;0;0.00
LR2_10_6;1000;1;12;49276.16;3600.00;29;1;2969.31;630.16;0;0;0.00
LR2_10_7;1000;1;9;42311.31;3600.00;23;1;3048.63;550.59;0;0;0.00
LR2_10_8;1000;1;7;27090.03;3600.01;4;1;3249.04;345.41;0;0;0.00
LR2_10_9;1000;1;13;53775.34;3600.00;48;2;3198.49;401.09;0;0;0.00
LR2_10_10;1000;1;11;47332.23;3600.04;22;1;3134.46;465.29;0;0;0.00
LRC1_10_1;1000;1;83;49419.66;3600.00;113;3;1776.82;1822.70;0;0;0.00
LRC1_10_2;1000;1;72;45380.56;3600.00;97;2;1314.08;2285.52;0;0;0.00
LRC1_10_3;1000;1;53;36075.73;3600.01;72;3;1020.48;2579.12;0;0;0.00
LRC1_10_4;1000;1;40;27735.53;3600.01;59;1;591.87;3007.43;0;0;0.00
LRC1_10_5;1000;1;72;51773.27;3600.01;109;5;1752.26;1847.26;0;0;0.00
LRC1_10_6;1000;1;68;44151.13;3600.00;129;3;2175.21;1424.22;0;0;0.00
LRC1_10_7;1000;1;61;41697.76;3600.00;120;4;1953.68;1645.83;0;0;0.00
LRC1_10_8;1000;1;57;42297.11;3600.00;154;4;1965.75;1633.70;0;0;0.00
LRC1_10_9;1000;1;54;40674.80;3600.00;140;3;1963.15;1636.42;0;0;0.00
LRC1_10_10;1000;1;49;37486.17;3600.00;104;2;2314.82;1284.63;0;0;0.00
LRC2_10_1;1000;1;22;35053.71;3600.00;117;2;2004.19;1595.18;0;0;0.00
LRC2_10_2;1000;1;20;33662.90;3600.00;91;2;1543.27;2056.21;0;0;0.00
LRC2_10_3;1000;1;16;29320.72;3600.00;53;2;1034.22;2565.03;0;0;0.00
LRC2_10_4;1000;1;11;24684.05;3600.02;34;1;914.10;2681.76;0;0;0.00
LRC2_10_5;1000;1;17;38516.74;3600.01;70;3;2500.49;1099.17;0;0;0.00
LRC2_10_6;1000;1;17;31436.32;3600.00;69;3;2581.25;1018.43;0;0;0.00
LRC2_10_7;1000;1;16;34844.99;3600.01;59;3;2460.88;1138.83;0;0;0.00
LRC2_10_10;1000;1;11;33296.71;3600.01;22;2;3059.63;540.10;0;0;0.00
